0.00125126 0.563585 0
0.193304 0.808741 0
0.585009 0.479873 1
0.350291 0.895962 0
0.82284 0.746605 1
0.174108 0.858943 0
0.710501 0.513535 1
0.303995 0.0149846 1
0.0914029 0.364452 0
0.147313 0.165899 0
0.988525 0.445692 1
0.119083 0.00466933 1
0.0089114 0.37788 0
0.531663 0.571184 0
0.601764 0.607166 0
0.166234 0.663045 0
0.450789 0.352123 1
0.0570391 0.607685 0
0.783319 0.802606 0
0.519883 0.30195 1
0.875973 0.726676 1
0.955901 0.925718 1
0.539354 0.142338 1
0.462081 0.235328 1
0.862239 0.209601 1
0.779656 0.843654 0
0.996796 0.999695 0
0.611499 0.392438 1
0.266213 0.297281 0
0.840144 0.0237434 1
0.375866 0.0926237 1
0.677206 0.0562151 1
0.00878933 0.91879 0
0.275887 0.272897 1
0.587909 0.691183 0
0.837611 0.726493 1
0.484939 0.205359 1
0.743736 0.468459 1
0.457961 0.949156 0
0.744438 0.10828 1
0.599048 0.385235 1
0.735008 0.608966 1
0.572405 0.361339 1
0.151555 0.225105 0
0.425153 0.802881 0
0.517106 0.98999 0
0.751549 0.345561 1
0.168981 0.657308 0
0.491897 0.0635395 1
0.699759 0.504807 1
0.147496 0.949583 0
0.141575 0.905118 0
0.692892 0.303049 1
0.426557 0.0703757 1
0.966613 0.683187 1
0.153233 0.877255 0
0.82168 0.582049 1
0.191351 0.177892 1
0.817194 0.475265 1
0.155553 0.503922 0
0.732017 0.405591 1
0.27958 0.568743 0
0.682241 0.755852 0
0.721915 0.475295 1
0.12302 0.367809 0
0.834681 0.0350963 1
0.517014 0.662984 0
0.426222 0.104678 1
0.949339 0.921384 1
0.549547 0.345988 1
0.471725 0.374981 1
0.84698 0.316874 1
0.456099 0.271889 1
0.982971 0.2978 1
0.739189 0.567278 1
0.19599 0.761315 0
0.839442 0.397656 1
0.5009 0.890164 0
0.0274667 0.994629 0
0.572588 0.0505081 1
0.531327 0.194067 1
0.843043 0.626759 1
0.657613 0.197851 1
0.842158 0.123325 1
0.109928 0.743126 0
0.314066 0.941069 0
0.286081 0.336314 0
0.140263 0.733085 0
0.83462 0.707999 1
0.600238 0.747215 0
0.252724 0.144475 1
0.00161748 0.0610065 0
0.806238 0.852626 0
0.210578 0.115604 1
0.553209 0.0142521 1
0.113773 0.454512 0
0.75222 0.686148 1
0.543443 0.0738853 1
0.43672 0.201941 1
0.696219 0.290353 1
0.436689 0.232429 1
0.577868 0.532579 1
0.628681 0.160192 1
0.504135 0.963042 0
0.695761 0.924802 0
0.189947 0.335948 0
0.17835 0.995178 0
0.457442 0.998016 0
0.0975066 0.625172 0
0.0943937 0.437727 0
0.931516 0.0484329 1
0.89462 0.290017 1
0.227302 0.769066 0
0.410718 0.201971 1
0.628071 0.604144 1
0.451613 0.466353 0
0.597827 0.634724 0
0.854793 0.828791 1
0.624775 0.720908 0
0.565752 0.375134 1
0.184271 0.737907 0
0.555132 0.905087 0
0.242866 0.18894 1
0.604724 0.698508 0
0.584613 0.351299 1
0.494461 0.0803858 1
0.740745 0.612049 1
0.62038 0.691122 0
0.804529 0.149113 1
0.576037 0.867733 0
0.911557 0.614704 1
0.727683 0.0432142 1
0.667776 0.976531 0
0.315012 0.569201 0
0.305826 0.173925 1
0.108554 0.869045 0
0.851222 0.744316 1
0.154881 0.326914 0
0.0793481 0.0766015 1
0.64098 0.820002 0
0.545091 0.448256 1
0.408979 0.298746 1
0.46556 0.501205 0
0.152654 0.323038 0
0.737999 0.313883 1
0.826685 0.959075 0
0.873348 0.725028 1
0.300058 0.943999 0
0.127232 0.0657369 1
0.784967 0.524583 1
0.609638 0.956114 0
0.0722678 0.875637 0
0.653859 0.322123 1
0.104801 0.505051 0
0.227088 0.290292 0
0.91998 0.551164 1
0.662801 0.114536 1
0.492538 0.379131 1
0.496811 0.793359 0
0.509262 0.382366 1
0.688162 0.532151 1
0.606281 0.395184 1
0.00589007 0.707877 0
0.10062 0.623066 0
0.863247 0.491501 1
0.747337 0.496902 1
0.380108 0.785363 0
0.552812 0.357097 1
0.955718 0.630848 1
0.17658 0.374248 0
0.131626 0.743278 0
0.95172 0.611988 1
0.0278329 0.329844 0
0.0559099 0.63921 0
0.131626 0.847072 0
0.864315 0.596881 1
0.721641 0.853969 0
0.0146794 0.126469 0
0.707907 0.617145 1
0.217566 0.0659505 1
0.16892 0.624104 0
0.340983 0.319407 1
0.367565 0.661 0
0.802393 0.806879 0
0.526536 0.611103 0
0.798181 0.900601 0
0.14481 0.630177 0
0.402417 0.2537 1
0.13654 0.85519 0
0.0661641 0.427808 0
0.573351 0.302286 1
0.548051 0.225562 1
0.31135 0.11063 1
0.808039 0.134709 1
0.284249 0.78811 0
0.89523 0.789636 1
0.743797 0.615223 1
0.361126 0.856655 0
0.228492 0.863582 0
0.229438 0.24955 0
0.542405 0.984832 0
0.0538041 0.0814234 0
0.524674 0.426801 1
0.0946684 0.258797 0
0.891537 0.232765 1
0.14655 0.125095 1
0.931639 0.0801111 1
0.0470901 0.0587176 0
0.336406 0.914701 0
0.398602 0.432783 0
0.946165 0.837184 1
0.534227 0.842097 0
0.693533 0.397687 1
0.259163 0.00433363 1
0.52559 0.954802 0
0.398694 0.241096 1
0.585559 0.255135 1
0.684011 0.94528 0
0.435499 0.890225 0
0.00717185 0.940977 0
0.60155 0.786157 0
0.576678 0.14243 1
0.222327 0.383007 0
0.00427259 0.41792 0
0.0822474 0.659932 0
0.855098 0.0648518 1
0.81106 0.662069 1
0.691488 0.802698 0
0.530137 0.685629 0
0.142766 0.689505 0
0.727897 0.777734 0
0.0310678 0.868679 0
0.64452 0.706565 0
0.0854518 0.551988 0
0.947905 0.0587786 1
0.274972 0.145177 1
0.98178 0.619984 1
0.292245 0.922483 0
0.367534 0.69454 0
0.218635 0.155919 1
0.240547 0.521439 0
0.90228 0.106418 1
0.902646 0.441725 1
0.0801111 0.782098 0
0.171789 0.974395 0
0.775872 0.870388 0
0.210639 0.456618 0
0.00375378 0.750633 0
0.114048 0.404706 0
0.311136 0.992615 0
0.0385754 0.252083 0
0.189276 0.247688 0
0.153508 0.620319 0
0.885372 0.939085 0
0.195654 0.779656 0
0.645558 0.656758 0
0.909146 0.455458 1
0.921293 0.664174 1
0.150761 0.636341 0
0.569536 0.42204 1
0.943022 0.540574 1
0.57857 0.536454 1
0.255287 0.396954 0
0.350261 0.0366222 1
0.795251 0.196509 1
0.0702841 0.389416 0
0.590747 0.070925 1
0.197668 0.155889 1
0.644337 0.454329 1
0.604297 0.697348 0
0.441298 0.684469 0
0.396527 0.835719 0
0.592212 0.199591 1
0.949461 0.876003 1
0.391705 0.987457 0
0.185308 0.895718 0
0.57445 0.442061 1
0.627338 0.708518 0
0.0496231 0.285562 0
0.260201 0.407636 0
0.895322 0.710196 1
0.728446 0.896054 0
0.393567 0.397412 0
0.903867 0.308603 1
0.388104 0.570574 0
0.353557 0.733695 0
0.745354 0.736381 1
0.739433 0.139317 1
0.200171 0.272591 0
0.680441 0.91113 0
0.36784 0.517655 0
0.109378 0.907437 0
0.20307 0.51796 0
0.654836 0.43852 1
0.687643 0.0904263 1
0.0795618 0.0757775 1
0.0278024 0.355083 0
0.30723 0.697287 0
0.142674 0.394848 0
0.0678426 0.675741 0
0.724937 0.198706 1
0.694021 0.615711 1
0.654897 0.543992 1
0.0983001 0.545366 0
0.0496231 0.974578 0
0.464034 0.96997 0
0.727866 0.530961 1
0.679922 0.692801 0
0.372112 0.388623 0
0.0499588 0.809778 0
0.169561 0.0608234 1
0.310556 0.784478 0
0.21247 0.321909 0
0.484664 0.00915555 1
0.439863 0.507859 0
0.605945 0.758538 0
0.401074 0.349803 1
0.842647 0.94232 0
0.62331 0.997284 0
0.0534684 0.562853 0
0.863552 0.386761 1
0.306406 0.284219 1
0.0267037 0.612568 0
0.391186 0.0186163 1
0.0310373 0.455702 0
0.857936 0.936766 0
0.401898 0.727287 0
0.611591 0.808374 0
0.875423 0.582598 1
0.595019 0.0790124 1
0.793176 0.462203 1
0.590625 0.589434 1
0.569201 0.816065 0
0.67275 0.343577 1
0.0102237 0.267312 0
0.341563 0.232093 1
0.77102 0.371746 1
0.869869 0.116855 1
0.725578 0.628925 1
0.893948 0.18302 1
0.535569 0.902005 0
0.780084 0.965209 0
0.197363 0.901547 0
0.797418 0.953398 0
0.848811 0.890347 0
0.628712 0.185461 1
0.616932 0.264992 1
0.250649 0.7322 0
0.78811 0.170934 1
0.713889 0.480941 1
0.0814844 0.806543 0
0.855342 0.124638 1
0.307474 0.573321 0
0.472976 0.762047 0
0.19187 0.727775 0
0.995025 0.0153508 1
0.647633 0.691641 0
0.174139 0.0721152 1
0.274972 0.676626 0
0.838923 0.556658 1
0.371227 0.779504 0
0.232521 0.638234 0
0.231666 0.204596 1
0.971038 0.281747 1
0.0228889 0.769219 0
0.15183 0.046968 1
0.00924711 0.348582 0
0.64388 0.343242 1
0.414563 0.416517 0
0.0906705 0.545183 0
0.699271 0.337992 1
0.657521 0.876247 0
0.535478 0.570025 0
0.0539872 0.465773 0
0.259987 0.426801 0
0.863338 0.486587 1
0.0874355 0.565813 0
0.709403 0.778466 0
0.864223 0.850551 1
0.293008 0.864376 0
0.644917 0.746849 0
0.828639 0.765618 1
0.871914 0.908322 0
0.912534 0.521958 1
0.440168 0.107639 1
0.354015 0.823054 0
0.427717 0.169836 1
0.000854518 0.65746 0
0.773553 0.0637226 1
0.089816 0.385662 0
0.683889 0.807611 0
0.154088 0.142857 1
0.0484634 0.346141 0
0.0185553 0.978423 0
0.647633 0.0536515 1
0.914151 0.637471 1
0.431715 0.0210578 1
0.242592 0.391949 0
0.654012 0.781884 0
0.0228278 0.826044 0
0.138432 0.634266 0
0.550401 0.983489 0
0.463424 0.214789 1
0.300699 0.782159 0
0.34254 0.480605 0
0.60802 0.102512 1
0.984436 0.755821 1
0.150884 0.456404 0
0.711631 0.998749 0
0.775506 0.641652 1
0.621204 0.946104 0
0.688162 0.289804 1
0.567156 0.290384 1
0.548235 0.712363 0
0.246437 0.546678 0
0.49263 0.952055 0
0.66982 0.76516 0
0.623371 0.445753 1
0.798761 0.745537 1
0.988922 0.204627 1
0.629475 0.909818 0
0.591296 0.918394 0
0.505539 0.489395 1
0.449721 0.88934 0
0.940397 0.182928 1
0.251961 0.203009 1
0.730491 0.94113 0
0.62508 0.0413526 1
0.641346 0.0345164 1
0.556352 0.544481 1
0.446333 0.0613727 1
0.996033 0.12775 1
0.600909 0.0503555 1
0.172796 0.660237 0
0.332438 0.315958 1
0.653584 0.410535 1
0.427503 0.221625 1
0.678518 0.166448 1
0.497543 0.507645 0
0.802728 0.435072 1
0.00451674 0.339488 0
0.375896 0.128574 1
0.827326 0.733299 1
0.89114 0.64333 1
0.650594 0.514481 1
0.73397 0.737175 0
0.957091 0.465835 1
0.363262 0.112186 1
0.90466 0.821223 1
0.454787 0.108676 1
0.869442 0.761376 1
0.0391247 0.416669 0
0.936125 0.0677511 1
0.164861 0.21128 0
0.116916 0.591113 0
0.118351 0.618274 0
0.580096 0.690298 0
0.731559 0.915647 0
0.669729 0.298502 1
0.808863 0.378185 1
0.997497 0.772515 1
0.204413 0.170568 1
0.388256 0.181219 1
0.580981 0.195624 1
0.960143 0.190252 1
0.381726 0.303995 1
0.120823 0.198157 0
0.0462355 0.771172 0
0.76104 0.881039 0
0.00177007 0.448622 0
0.426374 0.801538 0
0.461348 0.494858 0
0.749382 0.238502 1
0.559404 0.0927458 1
0.922025 0.893826 1
0.857021 0.0596332 1
0.49089 0.632038 0
0.747215 0.756066 0
0.255745 0.909909 0
0.791986 0.199622 1
0.552843 0.0512406 1
0.522172 0.790368 0
0.704154 0.0240486 1
0.731742 0.553362 1
0.914212 0.875546 1
0.79693 0.305429 1
0.39494 0.481887 0
0.0525834 0.651967 0
0.000854518 0.768578 0
0.756188 0.219733 1
0.154759 0.0575274 1
0.670614 0.0326853 1
0.345866 0.697867 0
0.798151 0.436262 1
0.981719 0.635548 1
0.295297 0.476974 0
0.874355 0.0792871 1
0.100986 0.143223 0
0.14301 0.917997 0
0.308725 0.373821 0
0.813837 0.0466323 1
0.814203 0.239998 1
0.897885 0.256508 1
0.269356 0.208014 1
0.229377 0.846156 0
0.874844 0.887692 0
0.844783 0.609272 1
0.0408948 0.173528 0
0.183752 0.355907 0
0.449263 0.185064 1
0.894467 0.623035 1
0.546342 0.911679 0
0.522599 0.730644 0
0.999329 0.969329 1
0.867428 0.840205 1
0.146672 0.374401 0
0.284371 0.170965 1
0.973754 0.741813 1
0.716605 0.0308847 1
0.645039 0.812708 0
0.735923 0.818171 0
0.124638 0.718894 0
0.375072 0.649831 0
0.915433 0.889676 1
0.0321665 0.773492 0
0.448866 0.00756859 1
0.228614 0.41847 0
0.15659 0.919034 0
0.501694 0.242866 1
0.754479 0.906522 0
0.213477 0.0321055 1
0.771172 0.228248 1
0.556597 0.806391 0
0.852016 0.331614 1
0.538926 0.991791 0
0.86935 0.64687 1
0.227729 0.812799 0
0.371044 0.366894 1
0.0349742 0.561296 0
0.39787 0.119785 1
0.324931 0.899014 0
0.201483 0.940184 0
0.125065 0.84933 0
0.893948 0.44557 1
0.222114 0.634754 0
0.560076 0.624042 0
0.423658 0.01648 1
0.864132 0.139622 1
0.267403 0.291971 0
0.681661 0.561449 1
0.958831 0.607227 1
0.788232 0.422712 1
0.818384 0.739463 1
0.135777 0.516526 0
0.0200812 0.00698874 1
0.748314 0.333872 1
0.902127 0.462264 1
0.767907 0.0505081 1
0.63097 0.0241707 1
0.682424 0.969085 0
0.500443 0.706381 0
0.265938 0.822352 0
0.646626 0.597217 1
0.263619 0.844234 0
0.460067 0.748161 0
0.351604 0.0144963 1
0.476547 0.626484 0
0.403882 0.383618 1
0.0276193 0.288827 0
0.59685 0.883877 0
0.432173 0.931547 0
0.382977 0.533128 0
0.0100711 0.974242 0
0.8652 0.437422 1
0.699637 0.332957 1
0.602344 0.49855 1
0.559618 0.0390027 1
0.378216 0.233039 1
0.937346 0.859523 1
0.96411 0.608814 1
0.583972 0.0764489 1
0.407025 0.305307 1
0.498581 0.0800501 1
0.874783 0.30427 1
0.781518 0.93289 0
0.588427 0.216224 1
0.279305 0.560717 0
0.874416 0.250069 1
0.301401 0.727134 0
0.866604 0.231086 1
0.19071 0.446791 0
0.890347 0.574328 1
0.028779 0.995239 0
0.0592364 0.61919 0
0.256935 0.169836 1
0.116123 0.231483 0
0.494888 0.959807 0
0.0492874 0.0796228 0
0.337657 0.279733 1
0.515549 0.490555 1
0.412275 0.924711 0
0.601062 0.292154 1
0.475753 0.401654 1
0.951323 0.548357 1
0.834925 0.794427 1
0.80166 0.592853 1
0.870083 0.318064 1
0.939177 0.267922 1
0.943327 0.718772 1
0.127628 0.774895 0
0.472884 0.175909 1
0.0266732 0.0416272 0
0.454787 0.8623 0
0.136113 0.0144658 1
0.212775 0.818537 0
0.797205 0.779656 1
0.658498 0.298746 1
0.781426 0.921506 0
0.842128 0.242622 1
0.498764 0.023011 1
0.0757164 0.0308847 1
0.356212 0.715323 0
0.409803 0.180425 1
0.297922 0.182104 1
0.744896 0.134739 1
0.0582293 0.52562 0
0.358867 0.806726 0
0.158818 0.899869 0
0.131809 0.0292367 1
0.181433 0.818079 0
0.249214 0.570696 0
0.346904 0.539933 0
0.664907 0.870754 0
0.932524 0.94528 0
0.105197 0.153233 0
0.55797 0.800256 0
0.895138 0.072512 1
0.872311 0.822413 1
0.388287 0.548784 0
0.671957 0.450941 1
0.281381 0.949461 0
0.982147 0.72805 1
0.594806 0.272378 1
0.131962 0.197943 0
0.600513 0.48735 1
0.355327 0.229926 1
0.478439 0.691794 0
0.948149 0.671133 1
0.982574 0.237526 1
0.513565 0.235817 1
0.898038 0.484359 1
0.326456 0.537492 0
0.570788 0.336528 1
0.348155 0.169225 1
0.29017 0.219275 1
0.922819 0.739677 1
0.807001 0.650441 1
0.686697 0.270089 1
0.766869 0.0644246 1
0.721763 0.859066 0
0.341563 0.0443739 1
0.484298 0.0207831 1
0.838191 0.618519 1
0.540574 0.604053 0
0.568682 0.777367 0
0.640034 0.696738 0
0.759941 0.868007 0
0.157994 0.423505 0
0.786462 0.021424 1
0.438368 0.0421461 1
0.506302 0.269265 1
0.0682699 0.24485 0
0.982055 0.506455 1
0.615528 0.0710166 1
0.367504 0.955535 0
0.860073 0.337474 1
0.24189 0.289529 0
0.0509659 0.992706 0
0.17246 0.0689108 1
0.22013 0.300913 0
0.786859 0.649617 1
0.0836818 0.262764 0
0.136479 0.217536 0
0.562578 0.178259 1
0.632282 0.106906 1
0.453719 0.758843 0
0.333811 0.0574053 1
0.28251 0.694296 0
0.873257 0.567583 1
0.868496 0.0812098 1
0.795404 0.999664 0
0.634999 0.618854 1
0.594775 0.593127 1
0.19425 0.978881 0
0.231513 0.0422987 1
0.239051 0.255135 0
0.406812 0.794946 0
0.272469 0.900052 0
0.379437 0.727561 0
0.206488 0.0529496 1
0.604572 0.353984 1
0.361248 0.668111 0
0.976043 0.22364 1
0.895779 0.346965 1
0.95352 0.66512 1
0.201666 0.282357 0
0.355449 0.531999 0
0.290994 0.219977 1
0.0996124 0.106723 0
0.709342 0.843806 0
0.671865 0.819147 0
0.005768 0.491348 0
0.604633 0.935331 0
0.290628 0.605823 0
0.74691 0.873836 0
0.912229 0.830103 1
0.605914 0.30488 1
0.784234 0.150121 1
0.542619 0.689047 0
0.394635 0.993194 0
0.101932 0.411603 0
0.0274361 0.687429 0
0.258889 0.169012 1
0.228645 0.189001 1
0.862209 0.763298 1
0.0476089 0.48323 0
0.0561541 0.961241 0
0.084994 0.565477 0
0.962554 0.573901 1
0.878658 0.408704 1
0.40315 0.413495 0
0.658528 0.823359 0
0.945189 0.28312 1
0.00222785 0.61626 0
0.04944 0.656056 0
0.421949 0.954497 0
0.603961 0.200873 1
0.41438 0.340556 1
0.623127 0.808405 0
0.00485244 0.105258 0
0.394421 0.276864 1
0.316782 0.824244 0
0.853511 0.311533 1
0.197668 0.564684 0
0.469069 0.995117 0
0.433241 0.36848 1
0.418775 0.384869 1
0.580432 0.877743 0
0.337413 0.393384 0
0.951048 0.50914 1
0.418592 0.608295 0
0.776757 0.0836512 1
0.151189 0.207923 0
0.087344 0.31727 0
0.471816 0.629139 0
0.332774 0.0793176 1
0.614521 0.142827 1
0.280709 0.824976 0
0.43907 0.994415 0
0.220954 0.107334 1
0.518998 0.264595 1
0.00735496 0.57625 0
0.770562 0.107517 1
0.969207 0.369427 1
0.903989 0.521714 1
0.222663 0.302622 0
0.478469 0.310617 1
0.414411 0.764733 0
0.841609 0.389111 1
0.427473 0.724174 0
0.734916 0.0914029 1
0.0817286 0.753075 0
0.84698 0.637806 1
0.35963 0.475021 0
0.0943937 0.415296 0
0.18836 0.34312 0
0.913388 0.229316 1
0.310312 0.154271 1
0.341533 0.182287 1
0.272286 0.205939 1
0.17246 0.335276 0
0.0654317 0.501907 0
0.963683 0.809259 1
0.446455 0.912992 0
0.179266 0.481918 0
0.472091 0.69924 0
0.248604 0.936705 0
0.277444 0.299539 0
0.822443 0.819636 1
0.629902 0.795068 0
0.00720237 0.260964 0
0.289529 0.952971 0
0.859462 0.517441 1
0.707511 0.256172 1
0.921049 0.491256 1
0.0935392 0.825983 0
0.076693 0.282632 0
0.383862 0.643269 0
0.515091 0.431532 1
0.140721 0.974975 0
0.0746178 0.00518815 1
0.914792 0.411664 1
0.755333 0.187658 1
0.101718 0.423139 0
0.677938 0.527421 1
0.824213 0.837184 0
0.271493 0.499496 0
0.870449 0.148991 1
0.970794 0.538377 1
0.220679 0.066744 1
0.204627 0.197729 1
0.192907 0.19953 0
0.956786 0.593493 1
0.738792 0.294382 1
0.67983 0.786126 0
0.921323 0.928434 0
0.844325 0.25898 1
0.105441 0.0618915 1
0.903775 0.14832 1
0.892758 0.359416 1
0.956694 0.381573 1
0.331462 0.684561 0
0.887539 0.380108 1
0.433271 0.674642 0
0.267098 0.482833 0
0.527848 0.802057 0
0.794122 0.74633 1
0.486679 0.827784 0
0.559038 0.278787 1
0.347179 0.0541398 1
0.911252 0.762902 1
0.36848 0.282388 1
0.211249 0.324564 0
0.0501419 0.881619 0
0.248817 0.403821 0
0.144871 0.875271 0
0.608112 0.783654 0
0.196844 0.451704 0
0.761773 0.433332 1
0.636464 0.804559 0
0.174444 0.322672 0
0.963195 0.709403 1
0.197546 0.86288 0
0.0473037 0.743217 0
0.0360424 0.130833 0
0.0823695 0.55269 0
0.568957 0.533006 1
0.218879 0.0771813 1
0.304605 0.0644551 1
0.411267 0.133702 1
0.251686 0.820643 0
0.508774 0.268715 1
0.987945 0.916532 1
0.121738 0.284433 0
0.706961 0.470931 1
0.294748 0.344646 0
0.525101 0.811121 0
0.517228 0.0673238 1
0.829218 0.554399 1
0.103641 0.509568 0
0.946684 0.723106 1
0.473922 0.451308 1
0.918882 0.548845 1
0.365276 0.884365 0
0.659719 0.122532 1
0.507401 0.11243 1
0.279794 0.546464 0
0.791284 0.369182 1
0.858119 0.744346 1
0.463851 0.359661 1
0.442091 0.585925 0
0.37904 0.632038 0
0.557604 0.482589 1
0.836665 0.185705 1
0.00970489 0.109256 0
0.0406201 0.221778 0
0.255959 0.410291 0
0.707602 0.442732 1
0.133061 0.544053 0
0.856777 0.806635 1
0.218268 0.923826 0
0.313364 0.143223 1
0.606861 0.0102847 1
0.955565 0.537248 1
0.386883 0.0123905 1
0.237068 0.885708 0
0.592456 0.152593 1
0.016541 0.535203 0
0.916715 0.65273 1
0.224464 0.40556 0
0.965819 0.0970794 1
0.399579 0.506119 0
0.335307 0.32841 1
0.625416 0.250771 1
0.289956 0.533525 0
0.898679 0.478072 1
0.328166 0.674581 0
0.460341 0.582751 0
0.412763 0.9223 0
0.120975 0.664724 0
0.148686 0.247383 0
0.111576 0.102023 1
0.689505 0.826441 0
0.490738 0.453749 1
0.653432 0.4185 1
0.639912 0.0992157 1
0.830592 0.368633 1
0.877956 0.520035 1
0.962279 0.394696 1
0.7257 0.630604 1
0.374126 0.81341 0
0.852565 0.0639363 1
0.743583 0.362377 1
0.235603 0.818964 0
0.783715 0.273934 1
0.563219 0.174718 1
0.124241 0.757103 0
0.4138 0.279427 1
0.170965 0.544206 0
0.241249 0.318613 0
0.225074 0.65804 0
0.698416 0.670248 1
0.64333 0.056032 1
0.329508 0.952239 0
0.320688 0.307627 1
0.162969 0.368542 0
0.276437 0.961119 0
0.236213 0.260811 0
0.624836 0.756035 0
0.582812 0.271004 1
0.712149 0.337901 1
0.714133 0.0215766 1
0.700552 0.630696 1
0.126377 0.719871 0
0.380902 0.523942 0
0.864132 0.591937 1
0.495163 0.0307932 1
0.671773 0.553484 1
0.34959 0.572588 0
0.764275 0.0226447 1
0.000640889 0.546953 0
0.74807 0.282235 1
0.794031 0.835231 0
0.723807 0.296457 1
0.538652 0.405591 1
0.101779 0.389386 0
0.0967132 0.668203 0
0.16184 0.690939 0
0.670766 0.738517 0
0.888241 0.756584 1
0.569506 0.264931 1
0.111454 0.267129 0
0.733451 0.977477 0
0.487899 0.214911 1
0.801202 0.612903 1
0.348521 0.48262 0
0.998505 0.373669 1
0.947996 0.220618 1
0.630268 0.575701 1
0.145543 0.929899 0
0.45793 0.642323 0
0.0486465 0.655751 0
0.742393 0.0999786 1
0.650746 0.199591 1
0.234352 0.732139 0
0.994537 0.754112 1
0.893307 0.547655 1
0.891781 0.868862 1
0.615955 0.719901 0
0.731071 0.151921 1
0.756218 0.152776 1
0.404736 0.61449 0
0.716788 0.829981 0
0.886044 0.0637226 1
0.394757 0.603626 0
0.488083 0.451369 1
0.761803 0.578784 1
0.335734 0.583056 0
0.360332 0.749748 0
0.0814539 0.095645 0
0.99707 0.0444655 1
0.39668 0.108188 1
0.41496 0.433912 0
0.269723 0.453017 0
0.224982 0.26133 0
0.641743 0.893094 0
0.878964 0.449324 1
0.411695 0.232063 1
0.964415 0.739372 1
0.341716 0.723045 0
0.603381 0.621448 0
0.894223 0.682485 1
0.235633 0.108798 1
0.531663 0.715506 0
0.567949 0.0151067 1
0.51091 0.458449 1
0.970855 0.889645 1
0.702383 0.245827 1
0.103549 0.266671 0
0.466292 0.606769 0