18
7.8030000000004405	
-246.84700000000461	
-4.9229999999994778	
-7.1809999999995462	
-159.90700000000462	
5.6570000000003660	
-33.267000000004614	
-32.945000000004462	
-0.076999999999999930	
1.7549999999998978	
-1.9150000000000831	
0.58500000000000008	
30.691000000001999	
28.951000000002189	
-0.19899999999999962	
2.3289999999999682	
-4.1009999999996278	
-2.9150000000000547	

6
992.14799998349133
-7.9139999995571779
-999.71199999702560
352.37999998572968
1281.7019999766037
1281.7019999766037